-9.255306561601318871e-03
3.829079758794580381e-05
2.535590218427908557e-06
5.888116456147236832e-02
8.039389695147866762e-05
1.225782860405241759e-02
2.972235100157640149e-03
1.453144825571499044e-01
-4.910400111996672812e-01
-4.836054073395625041e-02
-4.597614110734770526e-02
-2.761669765028246511e-07
-5.925252363329176764e-02
-7.348475884316772733e-02
-1.010349785767317329e-14
-4.434517166904502344e-02
-7.826072040984195582e-05
-5.433243740438000655e-13
-5.124822337839986947e-02
-2.928896693659142288e-12
1.007293135925963444e-02
9.460582423672261874e-12
-2.521097185932237185e-10
-3.910411417930578087e-03
2.278820062593747350e-02
2.246398707726328317e-20
2.205283510725365992e-01
-2.209416106169782498e-02
2.766653439527543834e-01
1.967706536288291991e-14
